<?xml version="1.0" encoding="UTF-8"?>
<document version="2.0.0">
  <chunk label="Chunk 1" enabled="true">
    <sensors next_id="1">
      <sensor id="0" label="FC330 (3.61mm)" type="frame">
        <resolution width="4000" height="3000"/>
        <property name="pixel_width" value="0.0015619248125310003"/>
        <property name="pixel_height" value="0.0015619248125310003"/>
        <property name="focal_length" value="3.6099999999999999"/>
        <property name="layer_index" value="0"/>
        <bands>
          <band label="Red"/>
          <band label="Green"/>
          <band label="Blue"/>
        </bands>
        <data_type>uint8</data_type>
        <calibration type="frame" class="adjusted">
          <resolution width="4000" height="3000"/>
          <f>2344.9776279355733</f>
          <cx>3.4507421196580936</cx>
          <cy>-53.494024389038735</cy>
          <k1>0.0016499962235925277</k1>
          <k2>-0.0092847498517836351</k2>
          <k3>0.0043963913105307404</k3>
          <p1>0.00015265982200708079</p1>
          <p2>-0.00018484203769668402</p2>
        </calibration>
        <covariance>
          <params>f cx cy k1 k2 k3 p1 p2</params>
          <coeffs>0.0069953958971256287 0.00013323349591675746 -0.01084473411123962 -1.7666431406808484e-06 3.8293692645053632e-06 -1.954676786373215e-06 4.812063859618256e-09 -7.0214041790620115e-07 0.00013323349591675746 0.0055310618617912949 -0.00029693447444347751 -1.0095943901043344e-07 1.9237110827461204e-07 -1.2617779247934806e-07 7.5898673594511958e-07 -1.9698706882295801e-08 -0.01084473411123962 -0.00029693447444347751 0.023448551681272335 1.2340208533010473e-06 -2.7994068636819537e-06 1.2728893315688896e-06 -1.646511713411695e-08 1.6311237893682803e-06 -1.7666431406808484e-06 -1.0095943901043344e-07 1.2340208533010473e-06 4.3057481990558509e-09 -8.0952714013166212e-09 4.6670087416199705e-09 -9.9147682913260266e-12 4.6011779095287826e-12 3.8293692645053632e-06 1.9237110827461204e-07 -2.7994068636819537e-06 -8.0952714013166212e-09 1.6708873949579722e-08 -1.0073795481414402e-08 2.0970963867095056e-11 -1.0546003630692269e-10 -1.954676786373215e-06 -1.2617779247934806e-07 1.2728893315688896e-06 4.6670087416199705e-09 -1.0073795481414402e-08 6.3330775899981178e-09 -1.5516400584537211e-11 3.5377020448003227e-11 4.812063859618256e-09 7.5898673594511958e-07 -1.646511713411695e-08 -9.9147682913260266e-12 2.0970963867095056e-11 -1.5516400584537211e-11 1.1662846336847783e-10 -5.5519922980318756e-13 -7.0214041790620115e-07 -1.9698706882295801e-08 1.6311237893682803e-06 4.6011779095287826e-12 -1.0546003630692269e-10 3.5377020448003227e-11 -5.5519922980318756e-13 1.6217217122427393e-10</coeffs>
        </covariance>
        <meta>
          <property name="Exif/Make" value="DJI"/>
          <property name="Exif/Model" value="FC330"/>
          <property name="Exif/Software" value="v01.19.5266"/>
        </meta>
      </sensor>
    </sensors>
    <components next_id="2" active_id="1">
      <component id="1" label="Component 1">
        <transform>
          <rotation locked="true">0.93115023092488292 -0.25676272037364389 -0.25890568335759567 0.3561090086780011 0.79300132369111431 0.49430281666455467 0.078394013718580208 -0.55246882812559339 0.82983888349644386</rotation>
          <translation locked="true">-2201619.7765748603 5936087.8131613666 -769969.21813060099</translation>
          <scale locked="true">0.6261157180361463</scale>
        </transform>
        <region>
          <center>0.28274896403515765 1.6727594293891952 -3.8248647750773435</center>
          <size>45.588230005900066 31.910536448160812 18.012486902872723</size>
          <R>0.054959707077756076 0.44783340929340332 -0.89242628161578375 -0.99848845577922751 0.025083306027556505 -0.048904308954749939 0.00048401812045945037 0.89376510632233519 0.44853506044353331</R>
        </region>
        <partition/>
      </component>
    </components>
    <cameras next_id="82" next_group_id="0">
      <camera id="0" sensor_id="0" component_id="1" label="DJI_0365">
        <transform>-0.92220448583752335 0.12417830503984162 -0.36622211137311378 2.171970170577362 0.18586617679645637 -0.68813544493270362 -0.70137249286690617 5.2596019457439898 -0.33910566291971256 -0.71487716286415415 0.61152104738191981 -9.4966539149468971 0 0 0 1</transform>
        <rotation_covariance>5.8881173157324836e-07 -1.2196734786970636e-07 3.2824150193863964e-07 -1.2196734786970636e-07 2.9226106585394902e-07 -1.0405718490444392e-07 3.2824150193863964e-07 -1.0405718490444395e-07 5.4785728388812953e-07</rotation_covariance>
        <location_covariance>8.3525919754296461e-06 1.0167970728811943e-06 1.6835243824865671e-06 1.0167970728811943e-06 1.2640902392763277e-05 6.0160257303576313e-06 1.6835243824865671e-06 6.0160257303576313e-06 1.4106496468030849e-05</location_covariance>
        <orientation>1</orientation>
      </camera>
      <camera id="1" sensor_id="0" component_id="1" label="DJI_0366">
        <transform>-0.98402315167270649 0.050831212673506931 -0.17063008172726729 1.1907121516309158 0.090734426186923539 -0.68140732622071631 -0.72625843862723194 5.3356556027410003 -0.15318518491238933 -0.730137140262619 0.66590844380626535 -9.7750965813689579 0 0 0 1</transform>
        <rotation_covariance>7.3680391436960038e-07 -1.0795692542777674e-07 2.9811977540975034e-07 -1.0795692542777674e-07 2.7389618651035452e-07 -5.5123732911933636e-08 2.9811977540975039e-07 -5.5123732911933609e-08 4.1826660195010389e-07</rotation_covariance>
        <location_covariance>8.3523668643232887e-06 1.3167839251555282e-06 1.5987383924051322e-06 1.3167839251555282e-06 1.5016506450750864e-05 7.8639443938906761e-06 1.5987383924051322e-06 7.8639443938906761e-06 1.4954330700905695e-05</location_covariance>
        <orientation>1</orientation>
      </camera>
      <camera id="2" sensor_id="0" component_id="1" label="DJI_0367">
        <transform>-0.98432637414140722 0.050658236706280398 -0.16892404276313341 1.1911631444418609 0.089532532074891369 -0.68169215230773184 -0.7261402999299178 5.3406699922513035 -0.15193918148354291 -0.72988324582488029 0.66647200435895926 -9.7740481190629556 0 0 0 1</transform>
        <rotation_covariance>7.3786234006683655e-07 -1.0788254211668295e-07 2.9760648234000472e-07 -1.0788254211668296e-07 2.7383010073649139e-07 -5.484321402990007e-08 2.9760648234000472e-07 -5.4843214029900017e-08 4.172660161838921e-07</rotation_covariance>
        <location_covariance>8.3611850532423594e-06 1.3204838008342948e-06 1.6050616534213667e-06 1.3204838008342948e-06 1.5017837692133842e-05 7.8721230628662856e-06 1.6050616534213667e-06 7.8721230628662856e-06 1.4982698889028838e-05</location_covariance>
        <orientation>1</orientation>
      </camera>
      <camera id="3" sensor_id="0" component_id="1" label="DJI_0368">
        <transform>-0.99988581611492378 -0.0067734948629144818 -0.013508312238570068 0.25183264825871099 0.014503712313158871 -0.68111502873874352 -0.7320327587993295 5.4343195833090165 -0.004242294347373202 -0.73214509312947129 0.6811354971994249 -9.9386787153095071 0 0 0 1</transform>
        <rotation_covariance>8.3320975727325521e-07 -8.3313834764702676e-08 2.3595781217382202e-07 -8.3313834764702689e-08 2.6253055299609063e-07 -2.3903816495769887e-08 2.3595781217382202e-07 -2.3903816495769914e-08 3.3330523195021794e-07</rotation_covariance>
        <location_covariance>8.6333621361517189e-06 1.6231418337532706e-06 1.565276088334759e-06 1.6231418337532706e-06 1.7543522567188209e-05 9.6267060276749045e-06 1.565276088334759e-06 9.6267060276749045e-06 1.6307614023283148e-05</location_covariance>
        <orientation>1</orientation>
      </camera>
      <camera id="4" sensor_id="0" component_id="1" label="DJI_0369">
        <transform>-0.97140270097802217 -0.089250734867043297 0.22002522323201129 -1.248021639479066 -0.09962456244485797 -0.68794282222301073 -0.71889472101936447 5.282188352190289 0.21552665517349412 -0.7202561903083734 0.65937795021686463 -9.5431124820433428 0 0 0 1</transform>
        <rotation_covariance>9.2328516804330922e-07 -3.2006816697757523e-08 9.7160558360726097e-08 -3.2006816697757543e-08 2.5262412931099232e-07 4.3692480046569381e-09 9.7160558360726057e-08 4.3692480046569646e-09 2.5325941367556777e-07</rotation_covariance>
        <location_covariance>7.9568197698145829e-06 1.862962639556524e-06 1.4073152526719802e-06 1.862962639556524e-06 1.7758949048910197e-05 1.0230263214667754e-05 1.4073152526719802e-06 1.0230263214667754e-05 1.637280341678052e-05</location_covariance>
        <orientation>1</orientation>
      </camera>
      <camera id="5" sensor_id="0" component_id="1" label="DJI_0370">
        <transform>-0.92802691568727358 -0.13241738277485587 0.34818340066554498 -2.0412710020434361 -0.16325998512520165 -0.69556139644853709 -0.69967172375870668 5.3836499514098346 0.33483163084882689 -0.70615860860688962 0.62388123747512758 -9.7035368058917619 0 0 0 1</transform>
        <rotation_covariance>9.3859087984316344e-07 3.7470279570786529e-10 4.616977147084244e-09 3.747027957078322e-10 2.5121609127568747e-07 8.8766790307394949e-09 4.6169771470842705e-09 8.8766790307394949e-09 2.3946182889240354e-07</rotation_covariance>
        <location_covariance>9.0661284200285116e-06 2.1512593792708436e-06 1.3887947030328112e-06 2.1512593792708436e-06 2.127887878392363e-05 1.1986153628613947e-05 1.3887947030328112e-06 1.1986153628613947e-05 1.8709666276728525e-05</location_covariance>
        <orientation>1</orientation>
      </camera>
      <camera id="6" sensor_id="0" component_id="1" label="DJI_0371">
        <transform>-0.75301067390085963 -0.30377524654795968 0.58369129218800198 -2.9196353678471842 -0.29592558478510056 -0.63594763465847515 -0.71274024317551177 5.0822552990479206 0.58770993973300267 -0.70943019780455929 0.38898048946189268 -8.3245184762273947 0 0 0 1</transform>
        <rotation_covariance>8.6499234146253392e-07 9.9091768289637017e-08 -1.9085912633001855e-07 9.9091768289637004e-08 2.6433741450113279e-07 -2.00816188375251e-08 -1.9085912633001852e-07 -2.0081618837525116e-08 3.0005913601162499e-07</rotation_covariance>
        <location_covariance>7.3507637637378063e-06 2.0527264244736024e-06 1.6752376797171693e-06 2.0527264244736024e-06 1.4529254521795717e-05 8.8864623230364362e-06 1.6752376797171693e-06 8.8864623230364362e-06 1.6724119000291007e-05</location_covariance>
        <orientation>1</orientation>
      </camera>
      <camera id="7" sensor_id="0" component_id="1" label="DJI_0372">
        <transform>-0.64398085088761459 -0.34555310580437998 0.68255528329873094 -3.984409638741365 -0.34870104671986046 -0.66153920307569714 -0.66390772160778899 4.6881873238291618 0.6809524533376301 -0.66555160120227996 0.30552384920091624 -7.6777450411600991 0 0 0 1</transform>
        <rotation_covariance>7.8756391270655248e-07 1.2908398292594601e-07 -2.5765876585932838e-07 1.2908398292594601e-07 2.7895168162761489e-07 -5.0372110108740354e-08 -2.5765876585932828e-07 -5.0372110108740354e-08 3.6300689341840365e-07</rotation_covariance>
        <location_covariance>7.5954016851397751e-06 1.9091325689993308e-06 1.4974210655420063e-06 1.9091325689993308e-06 1.4014272386902261e-05 7.759440843406164e-06 1.4974210655420063e-06 7.759440843406164e-06 1.6458468121991712e-05</location_covariance>
        <orientation>1</orientation>
      </camera>
      <camera id="8" sensor_id="0" component_id="1" label="DJI_0373">
        <transform>-0.34188322945331207 -0.42419693991157809 0.83855400159335369 -4.9579961061443178 -0.42591201580445476 -0.72547128443858944 -0.54063885380946175 4.1246152798642584 0.83768419599032651 -0.54198558248783346 0.067355891823686065 -6.5575080233604748 0 0 0 1</transform>
        <rotation_covariance>5.5472014234299802e-07 1.5815759882157818e-07 -3.1064810878791408e-07 1.581575988215781e-07 3.267709979421706e-07 -1.444410499653948e-07 -3.1064810878791403e-07 -1.4444104996539483e-07 5.4819690284820787e-07</rotation_covariance>
        <location_covariance>7.982529976613299e-06 1.5128737911183198e-06 1.439222553412931e-06 1.5128737911183198e-06 1.2007989431107455e-05 5.2774918551588132e-06 1.439222553412931e-06 5.2774918551588132e-06 1.5634817421428508e-05</location_covariance>
        <orientation>1</orientation>
      </camera>
      <camera id="9" sensor_id="0" component_id="1" label="DJI_0374">
        <transform>-0.062411816620255856 -0.44911469748244626 0.89129162099248416 -5.5338349310247894 -0.45201805319888827 -0.78347323756960408 -0.42643799736244226 3.5551328961570068 0.88982270409809527 -0.4294946734447983 -0.15410996318895082 -5.4527149145348988 0 0 0 1</transform>
        <rotation_covariance>3.7119941521637026e-07 1.2539698596904047e-07 -2.4424747129539551e-07 1.2539698596904049e-07 3.6383869788748025e-07 -2.1814667281641472e-07 -2.4424747129539551e-07 -2.1814667281641469e-07 6.9460064982275382e-07</rotation_covariance>
        <location_covariance>8.5601835922062512e-06 1.0062883401984607e-06 1.4195583837432537e-06 1.0062883401984607e-06 1.0492860212782033e-05 2.8717818468422783e-06 1.4195583837432537e-06 2.8717818468422783e-06 1.4701042474663727e-05</location_covariance>
        <orientation>1</orientation>
      </camera>
      <camera id="10" sensor_id="0" component_id="1" label="DJI_0375">
        <transform>0.18322742870324846 -0.44131955368466358 0.87844451213856733 -5.5559531424092183 -0.44674940182590345 -0.83335247602832963 -0.32548213878130056 2.8185379092636218 0.87569554146346651 -0.33280730495742106 -0.34985227800885432 -4.0517868453557657 0 0 0 1</transform>
        <rotation_covariance>2.6714006442017854e-07 6.4808221007802062e-08 -1.2270574751031575e-07 6.4808221007802035e-08 3.8439117757590469e-07 -2.5962610511453427e-07 -1.2270574751031575e-07 -2.5962610511453432e-07 7.7807965401537334e-07</rotation_covariance>
        <location_covariance>8.774157896213146e-06 2.1880937289602309e-07 1.3636374033391107e-06 2.1880937289602309e-07 9.0471279814076167e-06 2.1329006085060608e-07 1.3636374033391107e-06 2.1329006085060608e-07 1.2552712074618516e-05</location_covariance>
        <orientation>1</orientation>
      </camera>
      <camera id="11" sensor_id="0" component_id="1" label="DJI_0376">
        <transform>0.38053932946507851 -0.41377505170306805 0.82703084907299118 -5.3727572290370809 -0.42343262577787222 -0.87302024902705611 -0.24195135092740083 2.2106543738394788 0.82212811055037216 -0.25811983917719639 -0.5074243967981964 -2.9379970334644665 0 0 0 1</transform>
        <rotation_covariance>2.3849092623271159e-07 2.4022650311953887e-09 3.1325533297575882e-09 2.4022650311954019e-09 3.8899351588204345e-07 -2.7025504830985039e-07 3.1325533297576014e-09 -2.7025504830985044e-07 8.0211261350601614e-07</rotation_covariance>
        <location_covariance>9.3555416445803882e-06 -4.1665949938509734e-07 1.2793518089622039e-06 -4.1665949938509734e-07 9.9252662953835229e-06 -1.0286493172748762e-06 1.2793518089622039e-06 -1.0286493172748762e-06 1.1406458561848524e-05</location_covariance>
        <orientation>1</orientation>
      </camera>
      <camera id="12" sensor_id="0" component_id="1" label="DJI_0377">
        <transform>0.56911508070815042 -0.36811713883153457 0.73525355967111106 -4.8661760831342962 -0.37889455916259102 -0.91100244300716327 -0.162829548522269 1.6558772944286639 0.72975813660934352 -0.18591482171538856 -0.65794280991511256 -1.8929794171479213 0 0 0 1</transform>
        <rotation_covariance>2.7114792675593845e-07 -6.2034451395520109e-08 1.3399384448783615e-07 -6.2034451395520109e-08 3.8268121611449122e-07 -2.5735469933417944e-07 1.3399384448783615e-07 -2.5735469933417939e-07 7.7584522739308872e-07</rotation_covariance>
        <location_covariance>9.9213927271612047e-06 -1.0297183853581077e-06 1.1379795359746742e-06 -1.0297183853581077e-06 1.2452807465328866e-05 -1.3460577800515647e-06 1.1379795359746742e-06 -1.3460577800515647e-06 1.0518340195227445e-05</location_covariance>
        <orientation>1</orientation>
      </camera>
      <camera id="13" sensor_id="0" component_id="1" label="DJI_0378">
        <transform>0.78400955800877647 -0.28033254703927468 0.55384354832511684 -3.4027496717898291 -0.29063614280886246 -0.95415581535743277 -0.071535393427163294 1.0894798755706325 0.54850674147549894 -0.10488252042197169 -0.82954204924516328 -1.0253034351032893 0 0 0 1</transform>
        <rotation_covariance>4.0749904603364753e-07 -1.2940464738700758e-07 2.7025095166921435e-07 -1.2940464738700758e-07 3.5702133954920096e-07 -2.0404317873619615e-07 2.702509516692144e-07 -2.0404317873619615e-07 6.6538992704124881e-07</rotation_covariance>
        <location_covariance>9.2004246566143468e-06 -1.5612602155554105e-06 6.8663907532497466e-07 -1.5612602155554105e-06 1.6077963282312493e-05 -2.9689616783380011e-07 6.8663907532497466e-07 -2.9689616783380011e-07 8.524445234831088e-06</location_covariance>
        <orientation>1</orientation>
      </camera>
      <camera id="14" sensor_id="0" component_id="1" label="DJI_0379">
        <transform>0.90224552358959653 -0.19511060155908899 0.38455801684763358 -2.4481774605862152 -0.20249032419518526 -0.97904489406960848 -0.021650958490516792 0.48045330710434508 0.38072389440362564 -0.058334797123841736 -0.9228468820311726 -0.13542671990873226 0 0 0 1</transform>
        <rotation_covariance>5.5542795534881736e-07 -1.5097588486854681e-07 3.1424334763648798e-07 -1.5097588486854683e-07 3.2840960011130933e-07 -1.4554383579608525e-07 3.1424334763648793e-07 -1.4554383579608522e-07 5.4663186099352469e-07</rotation_covariance>
        <location_covariance>1.0540540386572584e-05 -1.8963987965000959e-06 3.1658536934122478e-07 -1.8963987965000959e-06 2.3259524388920364e-05 1.932035494732892e-06 3.1658536934122478e-07 1.932035494732892e-06 9.5443355738414116e-06</location_covariance>
        <orientation>1</orientation>
      </camera>
      <camera id="15" sensor_id="0" component_id="1" label="DJI_0380">
        <transform>0.99999901266007241 -0.0010954898985712025 -0.00088010269948055075 0.0038705258901590932 -0.0010779647941935213 -0.99980590285930138 0.019672178313514588 0.026645282326743923 -0.00090148254668840776 -0.019671210170661868 -0.99980609661055753 0.047519282210380202 0 0 0 1</transform>
        <rotation_covariance>8.389381459047158e-07 -1.0416829786197894e-07 2.2183247739208023e-07 -1.0416829786197894e-07 2.732918852423043e-07 -3.321485946433803e-08 2.2183247739208028e-07 -3.321485946433803e-08 3.1763690463912355e-07</rotation_covariance>
        <location_covariance>9.9037319254406437e-06 -1.6881462666726573e-06 -4.1936760341872959e-07 -1.6881462666726573e-06 2.9339868934660609e-05 5.5715168182497787e-06 -4.1936760341872959e-07 5.5715168182497787e-06 9.8089726589559039e-06</location_covariance>
        <orientation>1</orientation>
      </camera>
      <camera id="16" sensor_id="0" component_id="1" label="DJI_0381">
        <transform>0.98512781956394813 0.072915688385892283 -0.15558432282332385 0.96740570814706284 0.075926714878081378 -0.99702213168263021 0.013490845149434827 0.28447555156595783 -0.15413731893673036 -0.025103213384643663 -0.98773048732372404 -0.096469075551016484 0 0 0 1</transform>
        <rotation_covariance>9.0690451815099901e-07 -6.2048221648566902e-08 1.3225660225353827e-07 -6.2048221648566929e-08 2.606639527431227e-07 -6.8602760914896749e-09 1.322566022535383e-07 -6.8602760914896757e-09 2.6199291913757841e-07</rotation_covariance>
        <location_covariance>9.4885991335960217e-06 -1.9406681198533501e-06 -6.681726193082985e-07 -1.9406681198533501e-06 3.0453181079512639e-05 5.4209575740730421e-06 -6.681726193082985e-07 5.4209575740730421e-06 9.3096654286895165e-06</location_covariance>
        <orientation>1</orientation>
      </camera>
      <camera id="17" sensor_id="0" component_id="1" label="DJI_0382">
        <transform>0.95372952823133206 0.12828806554136818 -0.27192307592275811 1.9160917587260466 0.13334256756985505 -0.99107000119320343 0.0001113947107730176 0.3414409236351672 -0.2694805125672709 -0.03636516154998589 -0.96231898473007615 -0.078020819654989929 0 0 0 1</transform>
        <rotation_covariance>9.340346689503545e-07 -2.4559272930942065e-08 5.1973943746335147e-08 -2.4559272930942075e-08 2.5567672693080393e-07 3.6555715673346365e-09 5.197394374633518e-08 3.6555715673346373e-09 2.3977377084774779e-07</rotation_covariance>
        <location_covariance>1.0071338724215027e-05 -2.1004185272583944e-06 -9.3858917395596774e-07 -2.1004185272583944e-06 3.3806207452609935e-05 6.1575722584718991e-06 -9.3858917395596774e-07 6.1575722584718991e-06 1.0171829340438394e-05</location_covariance>
        <orientation>1</orientation>
      </camera>
      <camera id="18" sensor_id="0" component_id="1" label="DJI_0383">
        <transform>0.88466039573150579 0.20159718676441474 -0.42039809527738059 2.6162227688852573 0.20970431311771962 -0.97738077726191075 -0.027402870264414236 0.80242519720416272 -0.41641335867620927 -0.063917059753844874 -0.90692586476978487 -0.73398379410319503 0 0 0 1</transform>
        <rotation_covariance>9.3209459761908233e-07 3.0313560754544435e-08 -6.0529579548407122e-08 3.0313560754544369e-08 2.5608098729135729e-07 2.8352199881158623e-09 -6.0529579548407162e-08 2.8352199881158573e-09 2.4116677262370908e-07</rotation_covariance>
        <location_covariance>8.7082654180661065e-06 -2.1389994713293375e-06 -9.4724967617417475e-07 -2.1389994713293375e-06 2.9680474749987712e-05 4.4953238352878236e-06 -9.4724967617417475e-07 4.4953238352878236e-06 8.6227562540273894e-06</location_covariance>
        <orientation>1</orientation>
      </camera>
      <camera id="19" sensor_id="0" component_id="1" label="DJI_0384">
        <transform>0.73559874733696873 0.29697538374118182 -0.60885146330452466 3.9360799497949981 0.30967924295999771 -0.94679135688903449 -0.087663521489517615 1.1856984622136655 -0.60248921102041819 -0.12406348363639547 -0.78842564813176619 -1.026322208552007 0 0 0 1</transform>
        <rotation_covariance>8.5331114315771237e-07 1.0236607319815169e-07 -2.0496241747749559e-07 1.0236607319815169e-07 2.7190825375357342e-07 -2.8742756892105049e-08 -2.0496241747749567e-07 -2.8742756892105092e-08 3.0399430381920326e-07</rotation_covariance>
        <location_covariance>9.7279491227120936e-06 -2.5136075225236412e-06 -1.1530008987974014e-06 -2.5136075225236412e-06 3.2286306173419004e-05 4.0100371736630521e-06 -1.1530008987974014e-06 4.0100371736630521e-06 9.8131595847522282e-06</location_covariance>
        <orientation>1</orientation>
      </camera>
      <camera id="20" sensor_id="0" component_id="1" label="DJI_0385">
        <transform>0.56743596547170461 0.36127503471669742 -0.73993024967198273 5.2264295545190436 0.37645561475469014 -0.91301891768675869 -0.15709113936109834 1.7550151498922419 -0.73232342254557325 -0.18941173468544301 -0.65408378634131303 -2.0915640426980695 0 0 0 1</transform>
        <rotation_covariance>7.2840059554593203e-07 1.4179112257542206e-07 -2.8789551816425528e-07 1.4179112257542211e-07 2.9617706928100954e-07 -7.8185232799669435e-08 -2.8789551816425528e-07 -7.8185232799669396e-08 4.0449419124812898e-07</rotation_covariance>
        <location_covariance>9.8835051547520282e-06 -2.3594950433628062e-06 -1.0265176575426671e-06 -2.3594950433628062e-06 2.8666113375414186e-05 2.3767314734478121e-06 -1.0265176575426671e-06 2.3767314734478121e-06 1.0375465748907873e-05</location_covariance>
        <orientation>1</orientation>
      </camera>
      <camera id="21" sensor_id="0" component_id="1" label="DJI_0386">
        <transform>0.37070814576663635 0.40819355704349136 -0.83423826971102488 5.5413146261268897 0.42498358829738053 -0.87323634736534617 -0.2384265742695455 2.2265763000209113 -0.82581137091962153 -0.26615090010783471 -0.49719138974005239 -3.1226899228062064 0 0 0 1</transform>
        <rotation_covariance>5.7582042140240822e-07 1.538508001117592e-07 -3.1430331182089875e-07 1.5385080011175918e-07 3.2588098067625179e-07 -1.3864030454054394e-07 -3.1430331182089864e-07 -1.3864030454054392e-07 5.2731874897745278e-07</rotation_covariance>
        <location_covariance>8.9946909577420404e-06 -1.9988226727918554e-06 -6.6182701152111839e-07 -1.9988226727918554e-06 2.2326327971830374e-05 7.563447064856865e-07 -6.6182701152111839e-07 7.563447064856865e-07 9.600937457454803e-06</location_covariance>
        <orientation>1</orientation>
      </camera>
      <camera id="22" sensor_id="0" component_id="1" label="DJI_0387">
        <transform>0.17683331132246594 0.43285268977774705 -0.88395052404470076 5.412776531069917 0.45115158031434377 -0.83384481777948649 -0.31806457118353348 2.6951213698940353 -0.87475266880793334 -0.34255126450571477 -0.34273371529356966 -4.0720119938413335 0 0 0 1</transform>
        <rotation_covariance>4.3923356565948176e-07 1.385765088713501e-07 -2.8495564592493908e-07 1.385765088713501e-07 3.524119875710213e-07 -1.9271535201717078e-07 -2.8495564592493908e-07 -1.9271535201717081e-07 6.3731008864231925e-07</rotation_covariance>
        <location_covariance>7.8229906120063872e-06 -1.6489078805396805e-06 -2.3679449120201622e-07 -1.6489078805396805e-06 1.6179977978465865e-05 -5.3119013786334754e-07 -2.3679449120201622e-07 -5.3119013786334754e-07 8.4750935183842488e-06</location_covariance>
        <orientation>1</orientation>
      </camera>
      <camera id="23" sensor_id="0" component_id="1" label="DJI_0388">
        <transform>-0.046845401871656422 0.43922352781949148 -0.89715561689892087 5.5544177898582605 0.46071938760814279 -0.7874052251762842 -0.40954933432623469 3.1913269564872868 -0.88630872398135685 -0.432522489559658 -0.16547248055085895 -5.0976018523405981 0 0 0 1</transform>
        <rotation_covariance>3.164399322638656e-07 9.5430346621966009e-08 -1.9898432234769644e-07 9.5430346621966009e-08 3.7646987983331919e-07 -2.4149827763326532e-07 -1.9898432234769647e-07 -2.4149827763326532e-07 7.3606808322917724e-07</rotation_covariance>
        <location_covariance>7.8381428820245444e-06 -1.3093806192032331e-06 1.7830079370898568e-07 -1.3093806192032331e-06 1.2497163373441324e-05 -1.2031814701890684e-06 1.7830079370898568e-07 -1.2031814701890684e-06 8.8490488545618326e-06</location_covariance>
        <orientation>1</orientation>
      </camera>
      <camera id="24" sensor_id="0" component_id="1" label="DJI_0389">
        <transform>-0.2388466272946615 0.42751819310961164 -0.87188329677214138 4.9647486328821122 0.44759510701039207 -0.7483303676681331 -0.48955110152672776 3.6573111636588984 -0.86174875039672716 -0.50717832700734522 -0.012618866974078713 -6.27695270270143 0 0 0 1</transform>
        <rotation_covariance>2.5310330397189066e-07 4.1964442306955945e-08 -9.2068037563007517e-08 4.1964442306955932e-08 3.8860473138553915e-07 -2.6644420795248956e-07 -9.206803756300749e-08 -2.6644420795248951e-07 7.8727252597503692e-07</rotation_covariance>
        <location_covariance>6.839586093163479e-06 -7.3656853023101675e-07 6.2825012096074669e-07 -7.3656853023101675e-07 7.9826039996923319e-06 -1.0614966561580405e-06 6.2825012096074669e-07 -1.0614966561580405e-06 8.2706251610166198e-06</location_covariance>
        <orientation>1</orientation>
      </camera>
      <camera id="25" sensor_id="0" component_id="1" label="DJI_0390">
        <transform>-0.52605180487621617 0.37263813989782435 -0.76446734088511936 4.2979882855069009 0.395522934175632 -0.68856828580857965 -0.60781191524988465 4.2104584939796927 -0.75288186797636014 -0.62210492079079716 0.21483565905198884 -7.4904577117954672 0 0 0 1</transform>
        <rotation_covariance>2.5742481626555593e-07 -5.4222270999562519e-08 1.0075560868427755e-07 -5.4222270999562532e-08 3.8653655888454086e-07 -2.6384216857384914e-07 1.0075560868427764e-07 -2.6384216857384925e-07 7.8503971980054935e-07</rotation_covariance>
        <location_covariance>6.82733005695652e-06 -1.918765008066469e-07 1.064425462044243e-06 -1.918765008066469e-07 6.6974312326812358e-06 1.373789976275788e-07 1.064425462044243e-06 1.373789976275788e-07 9.1524129762165138e-06</location_covariance>
        <orientation>1</orientation>
      </camera>
      <camera id="26" sensor_id="0" component_id="1" label="DJI_0391">
        <transform>-0.64904927452203354 0.33263407425788588 -0.68417074760984986 3.9158227358993591 0.35537600876226277 -0.66260987804755145 -0.65928449239308939 4.5079936265295233 -0.67263878243722008 -0.671045991088844 0.31185629094979861 -7.9833750438020541 0 0 0 1</transform>
        <rotation_covariance>3.069816541513068e-07 -9.6090977303105796e-08 1.8496170809479735e-07 -9.6090977303105849e-08 3.7636215962044863e-07 -2.4381043927870684e-07 1.849617080947974e-07 -2.4381043927870673e-07 7.4564730736677901e-07</rotation_covariance>
        <location_covariance>7.0722303988166704e-06 5.8584015642948477e-08 1.2837441036251536e-06 5.8584015642948477e-08 7.12495199726701e-06 1.0698462774131153e-06 1.2837441036251536e-06 1.0698462774131153e-06 1.0078635964909055e-05</location_covariance>
        <orientation>1</orientation>
      </camera>
      <camera id="27" sensor_id="0" component_id="1" label="DJI_0392">
        <transform>-0.76993246476408173 0.27652726965902075 -0.57509709513892782 3.5644375234883809 0.30141224182968829 -0.63676405248657986 -0.7097057150228322 4.8786021419439729 -0.56245414051059084 -0.71976677514025011 0.40691661212918939 -8.62482411623205 0 0 0 1</transform>
        <rotation_covariance>3.9399976784916806e-07 -1.32581340922941e-07 2.5933206895704698e-07 -1.32581340922941e-07 3.5812252676861827e-07 -2.0836778068003847e-07 2.5933206895704703e-07 -2.083677806800385e-07 6.7687782107620517e-07</rotation_covariance>
        <location_covariance>7.9209566685005067e-06 3.7831350823940859e-07 1.5506952704589138e-06 3.7831350823940859e-07 8.8423903341854173e-06 2.5730794824088754e-06 1.5506952704589138e-06 2.5730794824088754e-06 1.1941571558545917e-05</location_covariance>
        <orientation>1</orientation>
      </camera>
      <camera id="28" sensor_id="0" component_id="1" label="DJI_0393">
        <transform>-0.85765183524099409 0.22162550639407463 -0.46402097412005372 2.9028852493658488 0.24433966004899724 -0.61835360527637917 -0.74695177178238503 5.1946029252819583 -0.45247260694421509 -0.75400328497777369 0.47618020350265705 -9.1330874588256474 0 0 0 1</transform>
        <rotation_covariance>4.9005126557576832e-07 -1.523329232556778e-07 2.9958675512727266e-07 -1.5233292325567777e-07 3.3880806068762966e-07 -1.6983819072250708e-07 2.9958675512727261e-07 -1.698381907225071e-07 6.0014549265753266e-07</rotation_covariance>
        <location_covariance>8.3805387564798002e-06 7.5449222722933397e-07 1.757205093937811e-06 7.5449222722933397e-07 1.0798256244548752e-05 4.4484556904922115e-06 1.757205093937811e-06 4.4484556904922115e-06 1.3587203899452407e-05</location_covariance>
        <orientation>1</orientation>
      </camera>
      <camera id="29" sensor_id="0" component_id="1" label="DJI_0394">
        <transform>-0.93194195123957324 0.1539182795751487 -0.32831899538772202 2.0546540143842877 0.17447725971964093 -0.60338442311641294 -0.77812911767983539 5.5698910099827721 -0.31787086271078929 -0.78245536687602868 0.53546401698564128 -9.7887634718947005 0 0 0 1</transform>
        <rotation_covariance>6.0713429674313142e-07 -1.5774820048787735e-07 3.1209550458957532e-07 -1.5774820048787737e-07 3.1505268810642325e-07 -1.2270137646181832e-07 3.1209550458957532e-07 -1.2270137646181832e-07 5.068881529275109e-07</rotation_covariance>
        <location_covariance>9.455117309521704e-06 1.2671295943192085e-06 1.9621814762543307e-06 1.2671295943192085e-06 1.4810891536800601e-05 7.3779605367611696e-06 1.9621814762543307e-06 7.3779605367611696e-06 1.6405896469392134e-05</location_covariance>
        <orientation>1</orientation>
      </camera>
      <camera id="30" sensor_id="0" component_id="1" label="DJI_0395">
        <transform>-0.92290831471093959 0.19859589794467178 -0.3298483165895541 2.0365635590867361 0.18054201524293409 -0.53345419542242711 -0.82633601042084015 9.113228039525028 -0.34006591033126699 -0.82218385456402698 0.45647440883888163 -7.4829225441132818 0 0 0 1</transform>
        <rotation_covariance>5.8978318716322309e-07 -1.8703182092251024e-07 2.9598910301762275e-07 -1.8703182092251029e-07 3.4502729305656887e-07 -1.4656631489725935e-07 2.9598910301762275e-07 -1.4656631489725932e-07 4.9389283464594023e-07</rotation_covariance>
        <location_covariance>1.904641042590274e-05 1.1217941197856035e-06 1.0805208775787689e-05 1.1217941197856035e-06 1.4789617849250193e-05 4.3378081438890083e-06 1.0805208775787689e-05 4.3378081438890083e-06 4.6195173233574276e-05</location_covariance>
        <orientation>1</orientation>
      </camera>
      <camera id="31" sensor_id="0" component_id="1" label="DJI_0396">
        <transform>-0.98688489410615099 0.078312530788703136 -0.14115719360542395 0.92705824201697462 0.080520246151112612 -0.51907651042001013 -0.85092659277398863 9.4340901401922839 -0.13990959847292445 -0.8511326123769748 0.50596302276301919 -8.069743448413222 0 0 0 1</transform>
        <rotation_covariance>7.4705622426894485e-07 -1.6484517038011673e-07 2.6478676495269956e-07 -1.6484517038011673e-07 2.9980295616827125e-07 -7.5309621162450761e-08 2.647867649526995e-07 -7.5309621162450747e-08 3.8184344006470312e-07</rotation_covariance>
        <location_covariance>2.0226684324167288e-05 2.7622083862848747e-06 1.1537460162670658e-05 2.7622083862848747e-06 1.7411818637072166e-05 9.3435528904380564e-06 1.1537460162670658e-05 9.3435528904380564e-06 5.172589502103367e-05</location_covariance>
        <orientation>1</orientation>
      </camera>
      <camera id="32" sensor_id="0" component_id="1" label="DJI_0397">
        <transform>-0.99960571392576036 -0.018438761740921607 0.02117613639057021 -0.22352480612692899 -0.0076911682196621504 -0.54552239186359608 -0.83806095596134189 9.4652102075595916 0.027004862865553775 -0.83789338942426483 0.54516548436298673 -8.3799393721043245 0 0 0 1</transform>
        <rotation_covariance>8.5111214071058672e-07 -1.1569917924012682e-07 1.9987288231531148e-07 -1.1569917924012685e-07 2.6939221875455495e-07 -2.7546439498288802e-08 1.9987288231531148e-07 -2.7546439498288762e-08 3.0819219062584185e-07</rotation_covariance>
        <location_covariance>2.0499916014830402e-05 3.9648201312927846e-06 1.1531173455357833e-05 3.9648201312927846e-06 1.9775504704518859e-05 1.3158990339620535e-05 1.1531173455357833e-05 1.3158990339620535e-05 5.4254501398080735e-05</location_covariance>
        <orientation>1</orientation>
      </camera>
      <camera id="33" sensor_id="0" component_id="1" label="DJI_0398">
        <transform>-0.88991227047161536 -0.23582994043110081 0.39043615362862799 -2.5606925948037937 -0.19895708472699181 -0.56956375149605509 -0.79750436451387308 9.0376061682509299 0.41045368715726105 -0.78738895863353542 0.45994173383267345 -7.6108171609127648 0 0 0 1</transform>
        <rotation_covariance>9.3292399621651878e-07 3.3325049579703084e-08 -4.9868946264529154e-08 3.3325049579703137e-08 2.494767038222028e-07 7.6548191815898117e-09 -4.9868946264529141e-08 7.6548191815897984e-09 2.4643007531060325e-07</rotation_covariance>
        <location_covariance>1.9498118008706121e-05 4.4159731069373133e-06 1.1190481663416279e-05 4.4159731069373133e-06 1.9497910316777264e-05 1.3404883968486519e-05 1.1190481663416279e-05 1.3404883968486519e-05 5.3690044284479203e-05</location_covariance>
        <orientation>1</orientation>
      </camera>
      <camera id="34" sensor_id="0" component_id="1" label="DJI_0399">
        <transform>-0.6833201017418471 -0.3713619711980598 0.62862065262239364 -4.265952766046829 -0.32551465903772225 -0.61572375862812334 -0.71758237144763526 8.5810832773984593 0.65353947494169595 -0.69496369646820255 0.29985265595652877 -6.6503991718925892 0 0 0 1</transform>
        <rotation_covariance>8.1594077939460333e-07 1.3613649006027261e-07 -2.2826818115930078e-07 1.3613649006027259e-07 2.7962952326228289e-07 -4.3502001931666347e-08 -2.2826818115930084e-07 -4.3502001931666373e-08 3.3321417788523552e-07</rotation_covariance>
        <location_covariance>1.9825883019437681e-05 4.1390315280070402e-06 1.0978107529680603e-05 4.1390315280070402e-06 1.9255651874442763e-05 1.1389295401336578e-05 1.0978107529680603e-05 1.1389295401336578e-05 5.3212807729906328e-05</location_covariance>
        <orientation>1</orientation>
      </camera>
      <camera id="35" sensor_id="0" component_id="1" label="DJI_0400">
        <transform>-0.3982228146936736 -0.46229695528869147 0.79227527727946512 -5.524845829966333 -0.41496838743275488 -0.67948708626806442 -0.60506077134978375 7.8330800104160767 0.81805857204047872 -0.56971819764313492 0.078748637990450898 -5.1888603049963962 0 0 0 1</transform>
        <rotation_covariance>5.9623687763152505e-07 1.7719189954974261e-07 -3.0198913431729913e-07 1.7719189954974259e-07 3.3417567482108015e-07 -1.3843694599247475e-07 -3.0198913431729902e-07 -1.384369459924748e-07 4.9836850391212569e-07</rotation_covariance>
        <location_covariance>1.9990574901012294e-05 2.7242936084698572e-06 1.0408000241441672e-05 2.7242936084698572e-06 1.7676985827002233e-05 6.0269158014149418e-06 1.0408000241441672e-05 6.0269158014149418e-06 4.9295228678705287e-05</location_covariance>
        <orientation>1</orientation>
      </camera>
      <camera id="36" sensor_id="0" component_id="1" label="DJI_0401">
        <transform>-0.098025974350462619 -0.49872235643008905 0.86120085900413601 -6.0823574567794791 -0.45468386052428789 -0.74732385269474644 -0.48453033565733594 7.0708584627848561 0.8852420546558849 -0.43907068951400041 -0.15350385753565846 -3.7320682708651969 0 0 0 1</transform>
        <rotation_covariance>3.9044803834222797e-07 1.4630226945070036e-07 -2.4960270989317104e-07 1.4630226945070033e-07 3.8424456400084941e-07 -2.267780451817783e-07 -2.4960270989317104e-07 -2.267780451817783e-07 6.5403610561110251e-07</rotation_covariance>
        <location_covariance>2.0167466615816324e-05 8.3693366839962986e-07 9.7314163330003951e-06 8.3693366839962986e-07 1.6992200132689019e-05 3.293365517362378e-07 9.7314163330003951e-06 3.293365517362378e-07 4.4212452324282646e-05</location_covariance>
        <orientation>1</orientation>
      </camera>
      <camera id="37" sensor_id="0" component_id="1" label="DJI_0402">
        <transform>0.072566880468650119 -0.49809949528268471 0.86407808712996714 -6.0408244173895866 -0.45850332963224283 -0.78604768232123901 -0.41461275647711954 6.5214427397784513 0.88572498247209652 -0.36609552567129655 -0.28542130528091536 -2.6938211008461272 0 0 0 1</transform>
        <rotation_covariance>3.0492288341534825e-07 1.0491731569224111e-07 -1.7779355584265989e-07 1.0491731569224111e-07 4.0421556528684067e-07 -2.6299674280446816e-07 -1.7779355584265991e-07 -2.6299674280446811e-07 7.1951898878542094e-07</rotation_covariance>
        <location_covariance>1.9985086577484361e-05 -7.6983015225463062e-07 9.1283072337309706e-06 -7.6983015225463062e-07 1.7323677517159722e-05 -3.6180599401648446e-06 9.1283072337309706e-06 -3.6180599401648446e-06 3.9682090609552519e-05</location_covariance>
        <orientation>1</orientation>
      </camera>
      <camera id="38" sensor_id="0" component_id="1" label="DJI_0403">
        <transform>0.28279392060407976 -0.47845712613153085 0.83132808019657933 -5.7850978422768291 -0.44153748570258722 -0.83435295815879074 -0.32999968171365412 5.9523330957236977 0.85151174224951909 -0.27374060653405352 -0.44720670069393831 -1.535481705008968 0 0 0 1</transform>
        <rotation_covariance>2.4475488256137325e-07 3.7827083089901333e-08 -5.9386901289190931e-08 3.7827083089901313e-08 4.1916504951021681e-07 -2.8899188913922291e-07 -5.9386901289190931e-08 -2.8899188913922291e-07 7.647484089230818e-07</rotation_covariance>
